qsvm ) conda activate py39                                                                           (base) 18:02:46
qsvm ) python3 ./qubo.py 200                                                                         (py39) 18:02:55
LOG: Starting classical SVM with sigma=200
training time for classical SVM:1.0min
LOG: Results for classical SVM:
Confusion Matrix: [[76 50]
 [39 75]] 

Classification Report:               precision    recall  f1-score   support

         0.0       0.66      0.60      0.63       126
         1.0       0.60      0.66      0.63       114

    accuracy                           0.63       240
   macro avg       0.63      0.63      0.63       240
weighted avg       0.63      0.63      0.63       240

Kernel matrix: [[1.         0.99993517 0.99996176 ... 0.99994823 0.99995849 0.99992621]
 [0.99993517 1.         0.99991142 ... 0.99988097 0.99990318 0.99982368]
 [0.99996176 0.99991142 1.         ... 0.99996868 0.99995527 0.99990985]
 ...
 [0.99994823 0.99988097 0.99996868 ... 1.         0.99996691 0.9999588 ]
 [0.99995849 0.99990318 0.99995527 ... 0.99996691 1.         0.99993248]
 [0.99992621 0.99982368 0.99990985 ... 0.9999588  0.99993248 1.        ]]
LOG: Generated QUBO equation
QUBO:
 [[-0.5         1.          0.49996759 ...  0.99995849 -0.49996311
  -0.99992621]
 [ 1.          0.          0.99993517 ...  1.99991699 -0.99992621
  -1.99985242]
 [ 0.49996759  0.99993517 -0.5        ...  0.99990318 -0.49991184
  -0.99982368]
 ...
 [ 0.99995849  1.99991699  0.99990318 ...  0.         -0.99993248
  -1.99986495]
 [-0.49996311 -0.99992621 -0.49991184 ... -0.99993248 -0.5
   1.        ]
 [-0.99992621 -1.99985242 -0.99982368 ... -1.99986495  1.
   0.        ]]
Minimum energy: -2831.930240948639
LOG: Finished QUBO
Bias: -1.0499413032732865
training time for DWave'd SVM:70.8min
LOG: Testing DWave'd SVM
testing time for DWave'd SVM:1.0min
Classification Report:               precision    recall  f1-score   support

        -1.0       0.54      0.98      0.70       126
         1.0       0.79      0.10      0.17       114

    accuracy                           0.56       240
   macro avg       0.66      0.54      0.44       240
weighted avg       0.66      0.56      0.45       240
 

Confusion Matrix: [[123   3]
 [103  11]]
qsvm )                                                                                               (py39) 19:13:30
